120.125400000000
0
0
0
121.788400000000
123.717200000000
0
0
121.024300000000
0
122.190800000000
0
0
0
0
0
122.937300000000
121.303500000000
0
124.585700000000
124.408000000000
125.468200000000
122.515800000000
0
119.937000000000
122.135800000000
0
0
124.264700000000
0
123.504100000000
123.808100000000
0
0
0
122.087100000000
120.862400000000
0
0
0
123.391300000000
0
0
0
0
121.478400000000
0
0
0
0
121.577800000000
0
0
121.642100000000
0
119.314400000000
123.636300000000
122.735800000000
120.954000000000
0
0
0
0
118.777800000000
0
0
121.182100000000
0
0
122.198500000000
124.337800000000
0
121.446000000000
0
0
0
121.696200000000
0
0
121.546000000000
0
123.756600000000
0
0
124.967900000000
0
0
0
0
121.150100000000
0
0
120.668000000000
0
121.625300000000
0
124.167300000000
0
0
0
121.723100000000
123.139600000000
123.814900000000
121.314300000000
0
122.371100000000
0
123.000900000000
121.826200000000
0
123.217800000000
0
0
0
0
123.201800000000
120.984500000000
123.262700000000
122.125500000000
0
0
0
121.381900000000
0
121.826100000000
122.095600000000
0
120.124200000000
0
0
125.034300000000
122.424800000000
125.133300000000
121.243900000000
122.636600000000
126.709300000000
124.574100000000
0
0
124.759400000000
121.697600000000
120.496900000000
121.076400000000
0
121.648800000000
124.438400000000
121.641900000000
0
125.186000000000
125.427600000000
0
0
0
121.351600000000
125.383500000000
0
122.126000000000
120.723100000000
121.753800000000
122.692300000000
0
0
118.686900000000
0
0
119.404200000000
121.742200000000
0
123.543500000000
0
0
0
0
0
0
0
0
122.433100000000
0
0
125.157500000000
123.560900000000
125.261000000000
0
0
118.311500000000
0
0
0
0
122.343800000000
123.725700000000
0
124.196600000000
121.443000000000
124.524400000000
121.598900000000
0
0
124.551400000000
0
122.416700000000
121.271600000000
0
0
0
122.427100000000
0
122.747400000000
0
0
124.263500000000
0
119.206100000000
118.895300000000
0
0
122.809500000000
0
0
0
0
123.738100000000
0
120.051700000000
121.379400000000
120.522100000000
0
0
0
125.340700000000
0
0
119.350300000000
0
117.810300000000
0
0
121.271400000000
122.921800000000
0
0
126.380700000000
128.099700000000
0
121.867400000000
124.363400000000
122.432100000000
122.042400000000
127.346700000000
122.133200000000
0
122.044000000000
0
0
121.884800000000
122.464500000000
0
0
122.701000000000
122.358200000000
122.223900000000
122.984700000000
0
120.283200000000
0
0
121.297800000000
0
0
0
0
0
0
0
121.891700000000
0
126.557600000000
121.306600000000
0
123.004800000000
0
125.692200000000
0
120.953200000000
0
124.985900000000
122.163900000000
122.921800000000
121.935400000000
0
0
122.285500000000
119.608000000000
0
122.997900000000
0
122.655900000000
0
0
122.925200000000
0
0
0
0
122.483600000000
0
0
121.468400000000
121.828100000000
122.075000000000
122.435900000000
0
0
122.717500000000
122.408000000000
0
0
120.876900000000
121.305700000000
0
121.403400000000
0
121.610700000000
121.390200000000
0
0
119.847600000000
118.795700000000
119.819800000000
124.703500000000
124.688800000000
123.989800000000
124.804800000000
0
122.290100000000
0
121.360700000000
0
120.498900000000
0
0
122.641300000000
119.641900000000
120.995400000000
0
121.347800000000
0
125.166600000000
127.017100000000
122.064300000000
0
124.048300000000
0
123.512000000000
122.943300000000
123.020300000000
122.965100000000
120.989700000000
121.123100000000
121.828100000000
0
0
0
122.276500000000
122.027700000000
121.679300000000
0
119.410600000000
0
0
0
0
0
0
123.074000000000
119.589700000000
0
120.718400000000
119.817600000000
123.880300000000
0
0
122.032900000000
121.848000000000
120.967000000000
0
117.380300000000
122.635500000000
124.219900000000
120.793200000000
121.937900000000
123.460600000000
122.360500000000
123.816800000000
121.111700000000
123.814600000000
0
124.454100000000
0
122.722200000000
123.237300000000
124.024800000000
120.526600000000
122.738200000000
122.082300000000
122.607800000000
0
120.243800000000
122.036100000000
121.201500000000
121.402000000000
122.312200000000
0
122.418400000000
121.473100000000
0
121.583300000000
121.966800000000
0
0
119.282100000000
0
122.770300000000
124.361200000000
0
0
0
0
122.929300000000
0
0
118.340600000000
0
120.137600000000
122.859800000000
118.393900000000
0
122.403000000000
125.095700000000
123.365400000000
121.141200000000
0
0
120.736500000000
122.220000000000
0
125.227400000000
0
0
0
122.728000000000
122.759000000000
122.248600000000
121.454800000000
0
0
0
122.760000000000
122.015400000000
123.550100000000
123.080100000000
0
0
122.691400000000
123.460800000000
122.043900000000
121.803300000000
0
120.059300000000
0
0
0
0
0
0
0
0
119.936800000000
0
0
0
117.189600000000
123.353300000000
122.411500000000
121.923900000000
120.296500000000
123.269500000000
117.351100000000
121.059000000000
119.437700000000
0
125.950800000000
0
122.137800000000
0
122.971800000000
122.334300000000
124.632200000000
0
121.503300000000
121.511100000000
122.089500000000
0
122.272100000000
0
0
122.569000000000
0
122.715300000000
121.921100000000
0
124.476300000000
0
121.359600000000
0
0
119.948000000000
0
120.936000000000
120.947400000000
123.493900000000
120.527600000000
0
120.595000000000
0
118.142600000000
118.262600000000
0
0
120.362700000000
122.262800000000
121.517500000000
121.462400000000
121.213100000000
0
125.606000000000
122.948100000000
121.594800000000
120.309200000000
118.393900000000
121.422900000000
0
122.181600000000
123.096800000000
122.614300000000
122.658400000000
124.920400000000
0
128.375000000000
122.131400000000
122.512800000000
122.039000000000
121.722100000000
122.470200000000
122.270200000000
122.017000000000
0
122.195300000000
122.120300000000
122.960400000000
122.233700000000
122.093600000000
0
122.999800000000
0
122.284600000000
122.537400000000
121.298500000000
121.910600000000
122.597800000000
120.964200000000
0
121.547100000000
120.064100000000
0
0
122.397800000000
0
0
0
119.982000000000
0
0
120.709200000000
0
122.818200000000
120.084700000000
124.890200000000
0
121.721100000000
124.609100000000
119.932600000000
0
129.558700000000
0
122.667800000000
0
123.649300000000
0
0
123.034100000000
122.743200000000
122.289700000000
122.364100000000
122.413600000000
0
122.780300000000
0
122.211000000000
122.084400000000
0
122.072600000000
120.252600000000
123.268500000000
122.827700000000
0
0
0
123.006900000000
0
120.736500000000
122.775600000000
0
117.276900000000
120.090600000000
0
121.802300000000
119.131500000000
118.937200000000
121.353600000000
0
121.056100000000
120.879900000000
121.652000000000
120.094600000000
120.810900000000
123.327300000000
120.870800000000
120.510300000000
122.406800000000
0
0
122.125900000000
121.337400000000
123.429100000000
124.630900000000
0
0
0
0
122.980100000000
122.579300000000
122.594900000000
122.616100000000
0
122.586800000000
122.506200000000
0
121.524400000000
121.606200000000
122.283400000000
0
120.523900000000
121.747300000000
0
120.688900000000
120.511600000000
121.244200000000
121.994900000000
122.994600000000
122.622400000000
120.697700000000
0
122.383100000000
0
119.496900000000
120.133700000000
119.937000000000
121.270500000000
121.719100000000
0
0
126.485000000000
117.478600000000
118.072600000000
0
124.489200000000
0
120.904600000000
0
0
0
119.380400000000
120.597700000000
125.452500000000
121.935300000000
0
0
0
123.000200000000
0
123.609000000000
122.678400000000
122.422700000000
0
0
123.175500000000
121.659500000000
121.957000000000
123.241800000000
121.637100000000
121.152700000000
122.697900000000
0
122.936600000000
121.555900000000
121.614900000000
0
0
122.029600000000
121.365800000000
120.923600000000
0
123.440900000000
0
0
120.806200000000
0
0
122.523600000000
121.079500000000
120.894800000000
121.548400000000
119.561800000000
122.142900000000
113.823400000000
120.963700000000
119.155900000000
123.633100000000
124.893100000000
121.341600000000
122.002700000000
123.011800000000
120.472000000000
0
121.136700000000
125.836600000000
123.819000000000
0
123.243600000000
0
123.361800000000
0
122.618000000000
122.060400000000
0
122.241000000000
121.368700000000
122.021400000000
122.388700000000
120.989400000000
120.762400000000
0
121.914700000000
0
121.040800000000
121.712300000000
0
121.858200000000
0
122.047600000000
123.363000000000
0
0
0
0
0
0
120.402400000000
0
121.258000000000
119.756400000000
121.159200000000
121.879300000000
119.634700000000
121.670800000000
0
121.056600000000
0
122.372300000000
0
0
119.119200000000
121.291800000000
0
124.846700000000
126.302000000000
0
0
0
123.728700000000
0
123.880000000000
123.953400000000
0
123.535000000000
123.261600000000
122.779000000000
122.345000000000
0
0
122.908500000000
122.914000000000
0
0
122.257000000000
120.962900000000
0
122.075000000000
0
0
0
120.277800000000
122.300500000000
0
0
0
0
0
0
0
0
121.021400000000
120.112100000000
119.270100000000
122.538400000000
0
123.764900000000
115.769100000000
0
122.608400000000
119.053000000000
0
0
120.875500000000
121.888400000000
124.708600000000
123.704800000000
0
123.690900000000
123.025300000000
123.820900000000
124.069500000000
124.034500000000
0
0
124.340100000000
123.159800000000
123.748800000000
123.654800000000
121.800800000000
122.344900000000
0
123.291900000000
0
0
121.036200000000
121.296600000000
0
0
122.885400000000
0
0
0
0
0
0
0
0
0
122.019400000000
0
0
120.166600000000
0
0
122.077900000000
0
0
119.138300000000
119.264200000000
118.713300000000
118.907000000000
121.016500000000
120.742000000000
122.968600000000
122.901100000000
125.440600000000
0
123.364800000000
123.049400000000
122.980500000000
123.340700000000
123.865400000000
122.729300000000
122.288900000000
124.422300000000
121.781500000000
122.002100000000
123.282200000000
0
121.666000000000
121.477300000000
122.084500000000
120.512300000000
122.395100000000
121.421800000000
122.390300000000
123.584300000000
122.104800000000
0
0
0
118.613000000000
0
0
0
121.661800000000
0
120.861700000000
120.693400000000
118.841600000000
0
0
121.367100000000
0
122.674500000000
0
0
121.798500000000
0
119.250300000000
122.436300000000
0
0
123.368400000000
123.035500000000
124.974400000000
0
122.713900000000
122.619900000000
0
0
0
122.391000000000
122.371700000000
0
122.319400000000
121.860000000000
123.396700000000
122.717400000000
123.287800000000
122.275700000000
121.799800000000
122.285500000000
0
0
0
123.677900000000
122.416800000000
122.559300000000
0
0
123.337200000000
0
0
0
0
0
0
120.852400000000
121.184600000000
121.784600000000
120.366900000000
121.343100000000
121.511300000000
121.348800000000
122.084100000000
121.936800000000
121.717200000000
0
119.516300000000
122.964400000000
120.056500000000
124.031600000000
123.900200000000
0
124.910700000000
0
122.791300000000
122.447100000000
124.894200000000
122.854800000000
0
124.242300000000
122.535900000000
122.678300000000
0
123.455400000000
0
122.345700000000
0
0
121.473300000000
121.850400000000
121.907000000000
0
122.611500000000
0
0
0
0
0
0
0
0
119.646000000000
122.294600000000
119.870700000000
0
119.010300000000
120.034500000000
0
120.376300000000
119.200200000000
121.012800000000
121.194600000000
0
122.036200000000
120.813900000000
117.451900000000
119.640800000000
119.569200000000
120.724300000000
0
0
0
124.637300000000
0
122.638900000000
123.360000000000
123.128600000000
123.099000000000
0
0
0
123.121600000000
0
123.538100000000
121.915100000000
122.545900000000
0
123.129600000000
0
122.674900000000
0
0
0
0
0
0
0
0
0
0
0
0
120.064200000000
120.940500000000
0
118.432400000000
0
121.135600000000
0
0
121.651300000000
120.212300000000
0
121.828900000000
119.023300000000
120.312700000000
120.854600000000
119.903500000000
0
0
0
124.961500000000
0
0
122.550900000000
125.248100000000
123.545700000000
123.011600000000
0
122.680900000000
121.868500000000
122.922200000000
121.998700000000
0
0
122.122200000000
122.554100000000
0
120.210500000000
120.212300000000
0
0
0
0
0
121.886300000000
123.619800000000
120.227400000000
121.311300000000
0
0
0
119.855900000000
120.048900000000
0
121.529300000000
121.130200000000
0
121.676600000000
120.847200000000
121.991600000000
120.683000000000
120.656400000000
0
0
120.758900000000
118.327400000000
119.548100000000
0
120.915400000000
0
0
0
0
122.735400000000
0
0
123.556800000000
122.755900000000
0
122.982700000000
0
0
0
0
0
0
0
0
0
0
0
0
0
0
0
122.818600000000
121.735000000000
120.024800000000
0
0
0
119.918300000000
120.028500000000
121.028800000000
0
121.520700000000
120.747800000000
0
0
122.231700000000
0
119.942900000000
0
0
121.762800000000
120.609700000000
119.664800000000
122.969900000000
0
0
0
0
0
122.755800000000
0
123.379600000000
0
0
122.782500000000
0
0
0
0
0
0
0
0
0
121.095400000000
0
0
0
0
122.081100000000
124.568100000000
0
0
0
120.677800000000
0
0
0
123.090200000000
121.321300000000
0
121.389900000000
0
0
0
122.870400000000
0
122.171800000000
119.713500000000
120.720600000000
121.343300000000
120.804000000000
119.260000000000
124.881300000000
124.757800000000
124.967500000000
122.394600000000
0
0
122.849900000000
0
122.981400000000
123.119900000000
0
121.717900000000
0
122.381800000000
0
0
120.912900000000
0
0
0
0
0
121.654600000000
0
0
0
122.145100000000
0
0
122.948900000000
121.455200000000
0
122.260900000000
121.347600000000
121.245000000000
0
120.227100000000
121.121100000000
120.051100000000
0
119.509600000000
120.660600000000
0
120.382300000000
120.245900000000
119.897300000000
119.885200000000
120.298600000000
0
121.523300000000
122.002500000000
121.138700000000
0
126.204800000000
0
0
123.286400000000
123.469100000000
0
122.975000000000
0
0
122.411400000000
0
0
0
122.356400000000
0
0
0
121.644900000000
122.375800000000
0
122.792000000000
0
0
121.729000000000
122.144000000000
122.713000000000
121.819600000000
122.574900000000
121.841000000000
119.400300000000
0
119.578600000000
120.539300000000
119.648100000000
121.539900000000
120.688500000000
120.327900000000
120.568200000000
112.419200000000
122.907300000000
120.820900000000
120.473600000000
118.496400000000
121.214700000000
122.021300000000
122.234700000000
119.553600000000
0
121.396600000000
122.397400000000
0
0
0
0
0
123.294800000000
123.533100000000
0
0
123.091800000000
122.482600000000
0
122.338400000000
0
122.131900000000
0
121.438000000000
120.851100000000
121.409900000000
121.680400000000
122.358800000000
121.899000000000
122.906300000000
121.819000000000
123.046100000000
122.355100000000
0
0
0
119.060200000000
119.649900000000
0
0
120.283600000000
0
120.090700000000
0
120.320100000000
120.986900000000
121.653400000000
120.717900000000
0
120.635700000000
118.604800000000
121.469100000000
120.194000000000
120.330800000000
120.966000000000
121.653500000000
121.678000000000
121.625900000000
0
0
123.050900000000
122.802500000000
122.777400000000
122.500000000000
123.089900000000
0
0
123.404900000000
0
123.204100000000
0
0
122.844700000000
122.165900000000
0
122.104300000000
0
122.060600000000
122.222600000000
0
0
122.205500000000
119.776100000000
0
120.844700000000
120.922100000000
0
121.029100000000
120.161300000000
123.765300000000
123.275100000000
119.468200000000
119.091900000000
119.795200000000
119.911100000000
0
124.177100000000
114.469400000000
121.153900000000
116.316800000000
0
118.263200000000
119.340700000000
120.030100000000
120.337800000000
120.690600000000
0
0
0
0
123.356600000000
122.710800000000
122.538800000000
0
122.356300000000
122.929800000000
122.285800000000
0
123.256500000000
0
0
0
123.135900000000
123.097800000000
122.480400000000
122.595200000000
122.223100000000
0
122.851800000000
121.576700000000
122.205000000000
0
122.924700000000
122.631200000000
120.524700000000
120.700400000000
121.223000000000
0
121.128300000000
0
121.102700000000
117.821200000000
117.461700000000
118.775400000000
0
0
120.828900000000
0
121.845800000000
0
0
122.575700000000
118.854400000000
121.166700000000
120.171500000000
0
0
0
0
0
122.976100000000
122.838000000000
122.611700000000
0
122.208200000000
122.105400000000
122.024800000000
121.931800000000
122.193900000000
0
0
0
0
0
122.644400000000
0
0
0
122.034200000000
121.544800000000
0
120.163000000000
121.429700000000
122.157700000000
122.672500000000
0
121.723800000000
121.221500000000
0
0
121.323800000000
121.256200000000
117.502000000000
120.492600000000
0
0
120.805500000000
121.001900000000
120.469100000000
121.486800000000
122.825900000000
118.124900000000
119.155900000000
122.057200000000
0
0
0
122.080400000000
0
0
123.101700000000
122.981600000000
122.147900000000
122.407200000000
122.171000000000
0
0
0
0
122.524900000000
122.595500000000
122.802500000000
122.372800000000
0
121.911100000000
121.561900000000
121.425400000000
121.764600000000
0
0
120.968500000000
120.881900000000
0
121.471300000000
122.550500000000
121.356300000000
121.632300000000
121.505200000000
121.874800000000
121.756900000000
0
121.525900000000
0
121.749800000000
118.539200000000
0
0
121.238700000000
120.578200000000
0
120.765600000000
117.818300000000
119.804600000000
120.716800000000
120.592000000000
0
0
0
0
0
123.188200000000
122.998100000000
122.553000000000
122.662900000000
122.484700000000
122.421900000000
0
122.420000000000
122.479700000000
0
0
121.400700000000
121.577700000000
121.631000000000
122.248300000000
121.438900000000
121.474000000000
0
0
122.256300000000
0
121.116500000000
121.091400000000
121.286000000000
121.271500000000
122.190300000000
121.413100000000
120.764000000000
120.583200000000
121.540800000000
120.025400000000
119.729400000000
120.267500000000
120.579500000000
120.061500000000
119.554400000000
0
119.434300000000
0
0
120.940700000000
117.505900000000
121.446500000000
119.589000000000
0
0
0
0
0
0
122.497900000000
0
123.194300000000
122.624300000000
122.168400000000
122.495700000000
0
122.607000000000
122.611800000000
121.171400000000
120.808700000000
121.306300000000
121.505400000000
0
0
122.157900000000
122.368900000000
121.897900000000
121.975500000000
0
122.637800000000
122.817800000000
121.663100000000
121.585000000000
0
0
100.162900000000
0
122.002000000000
121.303700000000
0
119.955400000000
119.534800000000
122.789700000000
103.852100000000
120.356300000000
0
119.999100000000
0
120.761500000000
117.348800000000
118.851200000000
119.987700000000
119.614300000000
120.849100000000
121.731300000000
0
0
0
0
0
122.677400000000
0
123.190900000000
122.574600000000
122.418700000000
122.680900000000
0
123.299100000000
121.248500000000
120.584300000000
121.142300000000
0
121.580000000000
0
122.180300000000
0
122.460400000000
120.642000000000
121.904900000000
122.476300000000
123.047500000000
122.072900000000
121.308500000000
120.856800000000
121.999600000000
121.998100000000
0
122.522100000000
122.775700000000
122.321400000000
119.862400000000
0
119.341500000000
120.271900000000
121.072100000000
121.363400000000
120.641300000000
0
0
0
120.093500000000
118.611200000000
120.949400000000
122.299400000000
121.911000000000
0
0
0
0
122.418500000000
122.761500000000
122.946800000000
0
122.718600000000
122.172800000000
122.059900000000
122.772700000000
0
122.753900000000
121.021200000000
120.835600000000
121.098500000000
121.542900000000
0
122.223800000000
122.057600000000
121.239900000000
120.606300000000
122.343100000000
0
0
0
120.332800000000
121.321900000000
120.543000000000
121.500200000000
0
121.230600000000
122.743600000000
122.444600000000
122.041300000000
121.521500000000
121.678700000000
119.829100000000
0
121.049100000000
121.447700000000
121.994600000000
0
120.814200000000
119.380700000000
119.185800000000
119.815600000000
121.986400000000
0
0
0
0
0
0
122.885100000000
122.591500000000
122.632300000000
122.623300000000
122.244900000000
122.093200000000
0
122.758400000000
122.771800000000
121.992700000000
121.903700000000
121.433500000000
121.176900000000
121.448200000000
122.069800000000
121.961700000000
121.262500000000
121.142200000000
120.599300000000
120.815700000000
0
0
122.811100000000
120.876900000000
120.844800000000
0
119.892900000000
120.958300000000
120.972300000000
0
122.292300000000
121.332500000000
118.069400000000
119.486800000000
120.229700000000
0
121.419500000000
120.182500000000
120.473500000000
121.619100000000
0
118.279600000000
119.712400000000
120.210000000000
0
0
0
0
0
122.922400000000
122.748400000000
122.950100000000
122.606700000000
122.543000000000
122.539900000000
122.333800000000
0
122.888200000000
122.426700000000
122.068200000000
121.922600000000
121.741800000000
121.719700000000
0
121.819000000000
122.100100000000
0
121.247200000000
0
121.344100000000
0
121.575800000000
121.862800000000
120.964300000000
121.056400000000
0
119.984000000000
119.965200000000
0
120.865100000000
121.654000000000
121.554000000000
0
118.243400000000
119.205900000000
121.124400000000
120.928600000000
120.351100000000
119.913300000000
120.375500000000
123.025400000000
121.651900000000
118.431100000000
120.817700000000
0
0
0
0
0
122.433400000000
122.414000000000
0
122.676300000000
122.739200000000
122.458900000000
122.461800000000
0
122.526300000000
122.386600000000
122.103500000000
0
0
0
0
122.131000000000
0
122.414100000000
0
121.566900000000
121.633200000000
121.607500000000
121.804900000000
121.644600000000
120.647900000000
120.678200000000
101.952800000000
121.366300000000
0
0
120.862000000000
0
121.074500000000
120.469700000000
120.030200000000
120.137900000000
119.520100000000
119.736600000000
0
120.650400000000
120.280900000000
117.565600000000
119.230100000000
120.428500000000
120.134300000000
0
0
0
0
0
122.623200000000
122.055900000000
122.262000000000
0
122.531200000000
122.529600000000
122.492300000000
122.219700000000
122.305500000000
121.771700000000
0
121.352400000000
121.797000000000
121.718800000000
121.780300000000
0
122.161000000000
122.215700000000
122.118700000000
123.020400000000
121.352100000000
121.209800000000
121.048500000000
121.328400000000
120.795300000000
121.011500000000
0
121.481200000000
120.301500000000
120.444400000000
120.668000000000
121.143200000000
120.850600000000
120.819900000000
119.588500000000
120.430100000000
0
119.180800000000
115.595900000000
120.588000000000
0
121.307800000000
120.627900000000
119.675800000000
0
0
121.781500000000
0
0
0
123.244900000000
122.343700000000
122.233400000000
0
0
0
121.799100000000
0
121.673700000000
0
121.453200000000
121.608900000000
121.774300000000
0
0
0
122.082400000000
120.362800000000
121.115700000000
121.083500000000
121.434000000000
122.296700000000
121.314000000000
0
121.743000000000
121.799100000000
121.038100000000
0
0
120.157500000000
0
119.598100000000
120.207300000000
0
121.297100000000
120.738000000000
120.317600000000
120.805000000000
115.430900000000
120.196400000000
115.244000000000
121.871700000000
120.636800000000
119.687600000000
121.246600000000
119.004400000000
0
121.822600000000
122.527800000000
0
122.659600000000
122.757200000000
122.135800000000
122.424600000000
122.294700000000
122.628100000000
122.535700000000
122.095700000000
121.954800000000
121.803200000000
121.899800000000
0
121.964600000000
121.772700000000
0
122.068300000000
122.178300000000
0
0
120.816100000000
0
121.374500000000
0
122.003200000000
0
122.094200000000
120.964200000000
121.032600000000
121.789300000000
121.554500000000
119.052600000000
120.296700000000
119.631300000000
0
120.541100000000
121.465600000000
120.914500000000
120.935200000000
115.738900000000
121.743400000000
0
118.424000000000
118.993200000000
120.034100000000
119.609900000000
121.277300000000
0
121.390400000000
0
0
122.671200000000
0
122.930500000000
122.713100000000
122.376100000000
122.543400000000
122.493400000000
122.518700000000
121.912900000000
122.103000000000
122.029700000000
121.945600000000
0
122.385500000000
122.387200000000
122.085800000000
121.642700000000
122.136200000000
0
121.064300000000
120.977300000000
121.296200000000
121.137800000000
120.507500000000
120.318400000000
120.579900000000
120.560800000000
0
0
121.480600000000
121.886200000000
120.070400000000
119.432500000000
0
120.248800000000
0
121.268900000000
0
121.487000000000
121.906400000000
119.013600000000
118.864900000000
119.688600000000
0
0
0
121.341200000000
0
0
0
122.920600000000
122.846500000000
0
122.725100000000
0
0
122.520200000000
0
0
121.216600000000
121.773800000000
122.091600000000
0
122.186700000000
121.886500000000
121.089100000000
121.483800000000
0
121.391100000000
0
121.177300000000
121.256500000000
0
120.590600000000
0
120.502900000000
0
120.980800000000
0
121.380700000000
121.561800000000
119.937700000000
121.049900000000
120.549500000000
119.771200000000
119.595300000000
121.135000000000
121.319100000000
121.613700000000
121.084500000000
118.655300000000
117.177800000000
118.345100000000
0
0
0
0
121.235700000000
0
0
0
0
0
122.681500000000
122.579300000000
122.302700000000
122.533200000000
0
121.762500000000
121.230900000000
0
121.991800000000
122.102200000000
121.697200000000
121.210900000000
121.165100000000
0
121.580100000000
121.587700000000
121.480600000000
120.894200000000
120.995200000000
0
121.584100000000
121.407000000000
0
120.772400000000
121.004100000000
120.050200000000
0
120.553200000000
120.493900000000
121.766200000000
121.048700000000
121.089200000000
0
112.539700000000
0
120.922000000000
0
117.233800000000
118.400100000000
118.550700000000
118.431900000000
0
0
0
0
0
0
0
0
122.483300000000
122.313500000000
0
121.897800000000
0
0
122.321400000000
0
121.518300000000
0
121.944000000000
121.944500000000
121.643600000000
121.653500000000
121.535000000000
121.656500000000
0
121.843300000000
120.551800000000
0
121.543300000000
0
120.426200000000
120.591000000000
121.226500000000
120.626400000000
120.619200000000
120.388300000000
120.223300000000
119.852400000000
119.888200000000
120.374200000000
120.711600000000
0
121.621800000000
121.536500000000
122.027300000000
119.639400000000
118.131300000000
118.348700000000
121.102500000000
0
0
0
0
0
0
0
0
122.447600000000
0
122.280600000000
0
122.349800000000
0
0
122.334200000000
122.257800000000
121.887300000000
121.876800000000
0
0
121.732600000000
0
0
0
121.699800000000
0
121.631500000000
121.191700000000
121.502100000000
0
0
120.876300000000
120.783200000000
120.524300000000
120.727600000000
120.663200000000
120.625800000000
0
120.041900000000
120.121800000000
0
0
120.954100000000
119.031500000000
120.120100000000
120.550900000000
120.201800000000
120.013200000000
119.057400000000
0
0
0
0
0
0
123.082400000000
121.973400000000
0
122.073700000000
121.913800000000
122.092900000000
122.695400000000
122.481600000000
122.327400000000
122.359100000000
122.270600000000
122.243600000000
0
0
122.275800000000
121.980600000000
121.919000000000
0
0
121.377000000000
121.586700000000
0
120.710900000000
120.881200000000
121.227400000000
121.508700000000
120.756000000000
120.391900000000
0
121.252600000000
120.937500000000
120.775400000000
120.466000000000
0
121.900300000000
120.687500000000
0
121.395300000000
121.425200000000
119.914900000000
119.822400000000
116.484200000000
120.697100000000
118.887500000000
0
119.962300000000
0
121.286000000000
0
0
0
122.599500000000
122.532400000000
122.535300000000
122.090600000000
122.047800000000
122.111800000000
122.605000000000
0
122.439400000000
122.067900000000
122.224700000000
0
122.707500000000
122.132200000000
121.261100000000
121.597700000000
121.731300000000
122.010300000000
120.827600000000
0
120.642700000000
120.789400000000
0
120.893600000000
121.241400000000
122.138800000000
121.454500000000
121.341500000000
121.149300000000
0
121.211300000000
121.366100000000
120.140400000000
121.328300000000
121.371400000000
120.697800000000
120.985800000000
121.608200000000
114.312100000000
120.929000000000
117.768100000000
117.786800000000
119.257200000000
121.474500000000
0
0
121.285800000000
0
0
0
122.065800000000
122.386300000000
122.444000000000
122.332500000000
121.835200000000
122.066600000000
0
122.474600000000
122.450900000000
0
122.534700000000
122.408200000000
122.777900000000
0
121.848700000000
121.509500000000
121.510900000000
121.871600000000
0
121.500100000000
121.237500000000
0
120.301200000000
120.297700000000
120.647200000000
0
0
121.299700000000
0
121.502000000000
120.612400000000
120.558300000000
120.825900000000
110.030100000000
120.697200000000
120.787300000000
120.622600000000
0
121.605700000000
120.331800000000
120.152200000000
120.468300000000
119.433200000000
119.178200000000
0
0
120.980200000000
121.355900000000
0
0
122.461900000000
122.458900000000
122.232500000000
122.231200000000
121.910900000000
121.695300000000
121.933400000000
0
122.529500000000
122.631700000000
122.363000000000
122.286200000000
121.372900000000
122.100800000000
121.934100000000
121.582000000000
121.716000000000
121.724100000000
121.054400000000
0
121.673100000000
0
121.507000000000
120.807600000000
0
121.052000000000
121.327900000000
121.400700000000
120.271700000000
121.335200000000
120.983700000000
121.327400000000
119.249600000000
120.570700000000
120.656800000000
120.771400000000
121.036700000000
120.992400000000
121.397500000000
121.398800000000
120.540000000000
0
120.000700000000
119.271300000000
0
119.647100000000
0
0
0
121.876200000000
122.470200000000
122.412500000000
122.407000000000
0
122.087600000000
122.163300000000
122.066800000000
0
122.314000000000
122.512100000000
122.386000000000
122.310200000000
121.559100000000
121.203100000000
0
0
121.861100000000
122.141400000000
121.144300000000
0
121.165200000000
121.732600000000
121.539900000000
0
121.269700000000
121.437700000000
0
121.673100000000
120.103500000000
120.254600000000
120.549400000000
119.015300000000
119.743200000000
119.616400000000
119.667300000000
120.421100000000
120.591700000000
121.150700000000
120.077600000000
120.016300000000
118.014000000000
120.066900000000
118.518500000000
120.122500000000
0
0
0
0
0
0
122.595500000000
122.475800000000
122.479300000000
0
122.161900000000
122.182100000000
121.974000000000
122.189300000000
122.221500000000
122.249500000000
121.655700000000
121.467000000000
121.339500000000
121.053500000000
0
121.635000000000
121.756800000000
121.707400000000
0
0
121.554700000000
121.643400000000
121.079100000000
121.549100000000
121.408700000000
121.455200000000
0
121.937600000000
121.641600000000
0
121.377800000000
0
119.614900000000
120.595300000000
119.690300000000
0
119.983200000000
113.947600000000
120.522100000000
120.174100000000
117.184100000000
118.311500000000
119.915000000000
118.303800000000
118.811700000000
0
0
0
0
0
122.712400000000
0
122.542800000000
122.661100000000
122.655500000000
122.616500000000
121.814700000000
0
122.118400000000
122.259900000000
122.018900000000
121.420700000000
0
121.414800000000
0
121.647500000000
121.711100000000
122.076400000000
121.525700000000
120.865000000000
0
121.372500000000
121.899200000000
121.459200000000
0
121.791300000000
120.997400000000
120.453300000000
120.533500000000
121.558000000000
121.522500000000
121.219700000000
121.424600000000
121.401600000000
120.048100000000
119.907100000000
119.700000000000
120.199200000000
120.481100000000
114.336200000000
120.275700000000
120.729700000000
119.567600000000
0
118.460700000000
0
0
0
0
0
122.617800000000
122.726300000000
122.503500000000
122.181200000000
122.616700000000
122.625100000000
122.704000000000
121.911500000000
0
122.280000000000
122.257700000000
122.308200000000
121.893000000000
122.243100000000
121.892200000000
121.847200000000
121.912600000000
0
121.894800000000
121.178500000000
121.146400000000
121.641900000000
121.541600000000
120.756300000000
121.108600000000
121.689400000000
120.970000000000
0
120.613900000000
121.058000000000
120.962200000000
121.510300000000
120.422400000000
120.785400000000
121.004800000000
120.188200000000
120.376900000000
120.375700000000
120.033800000000
120.710500000000
0
120.515400000000
120.936000000000
119.715000000000
0
0
0
0
120.836600000000
0
122.358600000000
122.184700000000
122.455900000000
122.299900000000
121.973300000000
0
122.712600000000
0
122.146900000000
122.015000000000
122.049300000000
122.261200000000
121.856800000000
122.264900000000
122.369900000000
122.485700000000
121.701800000000
121.595300000000
121.907700000000
121.205700000000
0
121.415200000000
121.079400000000
120.649400000000
0
121.185400000000
121.546100000000
121.481500000000
121.748000000000
120.968700000000
120.791700000000
121.141900000000
121.186500000000
120.532800000000
121.089600000000
0
120.986500000000
121.178900000000
119.859600000000
116.628600000000
120.813700000000
120.143800000000
117.724800000000
117.958900000000
119.843600000000
0
0
0
0
0
122.419900000000
122.466100000000
122.415400000000
122.252000000000
122.536600000000
122.657400000000
122.561200000000
122.694400000000
122.503800000000
122.251500000000
122.182600000000
122.281200000000
122.280600000000
121.985800000000
122.216900000000
0
122.700100000000
122.242100000000
121.695600000000
121.836800000000
121.201800000000
0
121.659400000000
120.664100000000
121.154400000000
121.200700000000
121.746500000000
0
121.056800000000
121.584800000000
121.425000000000
121.160300000000
0
120.508300000000
120.366900000000
120.990900000000
121.743500000000
121.654700000000
120.751700000000
116.248500000000
120.082400000000
118.537600000000
119.589000000000
120.034600000000
119.652000000000
0
0
0
0
0
122.535500000000
122.479500000000
122.477500000000
122.488300000000
122.338200000000
122.553600000000
122.681100000000
122.542100000000
0
122.098800000000
122.363000000000
0
122.520200000000
122.227700000000
121.889000000000
122.126400000000
0
122.371000000000
122.004200000000
121.256800000000
121.650700000000
121.756100000000
121.074900000000
120.997600000000
121.183400000000
121.597800000000
121.777100000000
120.989500000000
119.683400000000
120.484700000000
119.903000000000
120.581200000000
121.557800000000
121.600300000000
120.579700000000
120.636600000000
121.307900000000
120.808100000000
121.311100000000
120.783400000000
120.444500000000
116.590800000000
0
119.576300000000
0
121.105400000000
0
0
0
0
122.438600000000
122.437300000000
122.435800000000
122.439800000000
122.234000000000
122.192600000000
0
122.325100000000
121.945400000000
121.875600000000
122.095300000000
122.366700000000
122.357600000000
0
122.142000000000
121.680000000000
0
122.066700000000
121.909100000000
121.826100000000
121.568100000000
121.480900000000
121.457800000000
120.537800000000
120.952600000000
121.144100000000
121.730400000000
121.498300000000
120.489300000000
119.667100000000
0
120.082900000000
120.764200000000
121.491300000000
121.602200000000
121.113800000000
120.438600000000
120.634700000000
120.881600000000
120.871000000000
120.643200000000
116.912900000000
119.441800000000
0
0
0
0
0
0
0
122.772100000000
0
122.558700000000
122.231600000000
122.352300000000
122.151200000000
0
122.396600000000
122.536700000000
122.578200000000
122.226300000000
122.154900000000
122.318500000000
122.199200000000
122.268100000000
122.216200000000
121.768200000000
121.959600000000
122.206200000000
122.168600000000
121.879000000000
121.012400000000
121.845500000000
120.990500000000
120.918800000000
120.666100000000
121.218700000000
0
121.780700000000
120.550400000000
119.909300000000
0
120.443200000000
119.882500000000
119.743300000000
120.107700000000
120.737700000000
0
121.437400000000
120.847600000000
120.218600000000
118.077400000000
119.868400000000
0
0
0
0
0
0
0
122.455700000000
122.613800000000
122.399300000000
122.570400000000
122.687500000000
122.326000000000
122.444700000000
122.298500000000
122.551900000000
122.586000000000
122.234400000000
122.450100000000
0
122.500200000000
122.277600000000
121.445900000000
121.788300000000
121.803600000000
121.656700000000
122.298000000000
120.481000000000
0
120.944700000000
121.003300000000
120.687200000000
120.878000000000
120.938200000000
120.478800000000
120.713600000000
120.974800000000
120.691900000000
120.433600000000
120.396600000000
0
0
120.061600000000
0
120.321900000000
121.522300000000
121.663100000000
120.817700000000
119.174200000000
118.978300000000
0
0
0
0
0
0
0
122.191500000000
122.295800000000
122.515400000000
0
122.433900000000
122.706100000000
122.563100000000
122.361700000000
122.453300000000
122.487600000000
122.356400000000
122.237100000000
122.114100000000
122.177300000000
0
121.279300000000
121.479600000000
121.528900000000
121.785600000000
121.930500000000
121.853100000000
121.660100000000
120.847700000000
0
121.320500000000
121.312400000000
119.932200000000
120.257800000000
120.205200000000
120.754200000000
120.833000000000
120.592600000000
108.604900000000
108.202300000000
120.909700000000
119.381700000000
109.974500000000
119.887800000000
120.224300000000
120.284100000000
119.791300000000
117.588400000000
118.956100000000
118.853400000000
0
0
0
0
0
0
0
0
122.416300000000
122.533100000000
122.328600000000
0
122.569500000000
122.431200000000
122.629700000000
122.551700000000
122.257400000000
122.187700000000
121.957700000000
122.070000000000
121.964600000000
121.347300000000
121.371200000000
0
121.687200000000
121.406400000000
121.754900000000
121.911400000000
121.843800000000
121.708500000000
121.515500000000
121.765900000000
121.765000000000
121.966800000000
120.031700000000
0
120.674100000000
120.947400000000
120.653000000000
120.750600000000
0
108.584000000000
120.051500000000
114.513900000000
115.191900000000
120.455100000000
120.454500000000
119.327600000000
119.021200000000
0
119.525100000000
120.160100000000
0
0
0
0
0
122.371000000000
122.587000000000
122.599600000000
122.223100000000
122.301900000000
122.275100000000
122.381300000000
122.692900000000
122.452100000000
122.043700000000
122.145500000000
122.203600000000
122.259900000000
122.089400000000
0
121.717400000000
121.616400000000
121.197600000000
121.117600000000
121.392100000000
0
121.794400000000
121.841300000000
121.721900000000
121.716900000000
121.790100000000
121.270700000000
121.506000000000
120.984600000000
121.254600000000
0
121.131000000000
120.066200000000
120.058300000000
109.211300000000
120.734800000000
119.830200000000
113.896100000000
115.710300000000
116.794900000000
118.502700000000
120.371100000000
118.179100000000
0
119.887500000000
0
0
0
0
0
0
103.614300000000
122.494100000000
105.761500000000
122.257500000000
0
122.449700000000
122.423400000000
122.295100000000
121.873300000000
0
0
122.333300000000
122.105700000000
121.432700000000
121.516400000000
0
122.011800000000
121.187300000000
120.932000000000
121.151900000000
121.267900000000
121.207400000000
121.916000000000
121.924000000000
111.783100000000
111.944100000000
121.232900000000
0
121.624200000000
121.195100000000
121.414300000000
121.272000000000
120.074400000000
0
120.379200000000
110.511200000000
119.790600000000
0
120.907000000000
120.650100000000
118.880900000000
0
119.753500000000
0
121.065700000000
0
0
0
122.653300000000
0
112.283700000000
0
122.462200000000
113.025400000000
114.033800000000
122.568000000000
122.717900000000
121.892700000000
121.829600000000
121.994800000000
122.282900000000
121.935700000000
0
121.897100000000
121.533500000000
0
121.902400000000
121.949200000000
120.629300000000
0
120.985700000000
121.157300000000
121.273700000000
121.161100000000
121.641300000000
121.954900000000
114.309100000000
121.400300000000
115.190300000000
120.428100000000
120.600300000000
120.764000000000
119.733700000000
120.103000000000
120.541100000000
120.984100000000
120.911500000000
120.463000000000
116.944200000000
117.465800000000
117.534900000000
119.979400000000
0
0
0
121.699000000000
0
0
119.379800000000
121.899000000000
121.034800000000
118.477300000000
114.059600000000
122.380200000000
122.185600000000
118.804100000000
122.035600000000
121.962300000000
121.778900000000
117.164000000000
122.001900000000
118.005700000000
121.620600000000
116.104400000000
117.035100000000
119.247100000000
119.461300000000
118.285900000000
120.709300000000
120.763300000000
120.874600000000
118.203700000000
121.411400000000
120.693600000000
116.001400000000
121.021400000000
116.537600000000
116.179400000000
116.225400000000
121.425200000000
115.771000000000
119.771300000000
119.813200000000
115.700000000000
120.380800000000
120.560500000000
121.010100000000
117.225600000000
120.518300000000
119.397700000000
109.707300000000
0
0
0
0
0
0
0
121.517400000000
119.171300000000
0
120.829100000000
120.260500000000
121.634100000000
121.328300000000
118.506400000000
118.327700000000
121.911300000000
119.138700000000
120.006300000000
120.987400000000
117.613600000000
119.643000000000
119.544200000000
118.655400000000
120.725700000000
120.345800000000
120.619100000000
118.462200000000
0
119.126300000000
120.883800000000
0
119.680200000000
120.072300000000
118.459200000000
119.456500000000
121.262400000000
118.609600000000
118.514700000000
120.053300000000
119.978100000000
119.256000000000
120.133600000000
119.488800000000
119.179800000000
118.417100000000
118.420700000000
118.110200000000
119.348900000000
0
0
115.021200000000
0
120.760700000000
0
0
0
0
0
0
0
0
0
0
0
0
0
0
0
0
0
0
0
0
0
0
0
0
0
0
0
0
0
0
0
0
0
119.280500000000
120.380700000000
0
0
0
0
0
0
0
0
0
0
0
0
0
0
0
0
0
0
0
0
0
0
0
0
0
0
0
0
0
0
0
0
0
0
0
0
0
0
0
0
0
0
0
0
0
0
0
0
0
0
0
0
0
0
0
0
0
0
0
0
0
0
0
0
0
0
0
0